1 2 0.45181737751372053 0.45163591357320826 0.45163164863197425
1 3 0.45181737751372053 0.4518380958650605 0.4517784402385986
2 3 0.39924227552493 0.45169772670568686 0.4487314462692479
1 4 0.45181737751372053 0.4524289011914288 0.4515201810650574
2 4 0.39924227552493 0.3943093521859528 0.3917599952913808
3 4 0.3754205237194872 0.3599324647883293 0.36844555654004596
1 5 0.45181737751372053 0.5497729154230905 0.44973847273425666
2 5 0.39924227552493 0.45200623592419054 0.3897893489646185
3 5 0.3754205237194873 0.37120387377951625 0.39149971243300913
4 5 0.31163881229851925 0.3036967725636945 0.3862254007438688
1 6 0.45181737751372053 0.45178012464137973 0.45149052030376885
2 6 0.39924227552493 0.45237162747343107 0.3914479905529341
3 6 0.3754205237194873 0.396129002443126 0.39006647487145285
4 6 0.3116388122985192 0.29862151254096064 0.29886622019445674
5 6 0.27355936618943927 0.30467227405890573 0.29840239092009535
1 7 0.45181737751372053 0.4517356262691497 0.4513417098839901
2 7 0.39924227552493 0.4527755734683899 0.39142333375717453
3 7 0.37542052371948736 0.3339741952725535 0.3646619412689049
4 7 0.3116388122985192 0.2976088635217091 0.29808619967159644
5 7 0.2735593661894394 0.3004099967791554 0.29653961354813113
6 7 0.23539709224833752 0.23437616617008755 0.29652578297481297
1 8 0.45181737751372053 0.4526215365436176 0.45169985491509823
2 8 0.39924227552493 0.45175705831506946 0.3901952755965797
3 8 0.3754205237194873 0.3714173402644721 0.35145434052477836
4 8 0.3116388122985192 0.3483688888605057 0.3143316792701221
5 8 0.2735593661894394 0.33040873645588964 0.2556857343771617
6 8 0.23539709224833752 0.2255778898622114 0.26010654277446427
7 8 0.18756066115491327 0.22951769093517727 0.2163516494943123
1 9 0.45181737751372053 0.4525707106626365 0.45108255719944507
2 9 0.39924227552493 0.3948858118418482 0.3975067915064953
3 9 0.3754205237194873 0.36271105777982016 0.3660191447946154
4 9 0.3116388122985192 0.29872086658689134 0.2974972891481188
5 9 0.2735593661894394 0.2700551484007713 0.2953629067485765
6 9 0.23539709224833738 0.2587491787901922 0.22410890621362065
7 9 0.18756066115491327 0.19110736783998855 0.23803766467717685
8 9 0.13000228884008924 0.14971483682904285 0.23036064352211982
